94.90861511230469 0.535493016242981
100.0 0.5639669895172119
105.0913848876953 0.594980001449585
110.1827697753906 0.6288570165634155
115.2741546630859 0.6659749746322632
120.3655319213867 0.7067800164222717
125.456916809082 0.7517989873886108
130.5483093261719 0.8016639947891235
135.6396789550781 0.857138991355896
140.7310638427734 0.9191510081291199
145.8224487304688 0.988847017288208
150.9138336181641 1.067659974098206
156.0052185058594 1.157400012016296
161.0966033935547 1.260409951210022
166.18798828125 1.379799962043762
171.2793731689453 1.519760012626648
176.3707580566406 1.686149954795837
181.4621429443359 1.887449979782104
186.5535278320312 2.13644003868103
191.6449127197266 2.453299999237061
196.7362976074219 2.871190071105957
198.2442932128906 3.021739959716797
201.8276824951172 3.445669889450073
206.9190673828125 4.263060092926025
212.0104370117188 5.400000095367432
217.1018218994141 6.665259838104248
222.1932067871094 7.349249839782715
227.2845916748047 7.343900203704834
232.3759765625 7.456140041351318
237.4673614501953 8.105549812316895
242.5587463378906 9.387689590454102
247.6501312255859 11.43239974975586
252.7415161132812 14.53610038757324
257.8328857421875 19.2726001739502
261.6995239257812 24.57950019836426
262.9242858886719 26.69129943847656
268.0156555175781 38.62089920043945
273.1070556640625 57.62170028686523
278.1984252929688 83.71730041503906
283.2898254394531 103.0
288.3811950683594 93.78559875488281
293.4725952148438 67.54160308837891
298.56396484375 45.20000076293945
303.6553649902344 30.68239974975586
308.7467346191406 21.65749931335449
313.838134765625 15.91880035400391
318.9295043945312 12.12639999389648
324.0208740234375 9.521140098571777
329.1122741699219 7.668139934539795
334.2036437988281 6.31013011932373
339.2950439453125 5.289259910583496
344.3864135742188 4.505239963531494
349.4778137207031 3.892280101776123
354.5691833496094 3.406009912490845
359.6605834960938 3.015830039978027
364.751953125 2.700180053710938
369.8433532714844 2.443730115890503
374.9347229003906 2.235519886016846
380.026123046875 2.067830085754395
385.1174926757812 1.93546998500824
390.2088623046875 1.835409998893738
395.3002624511719 1.766710042953491
400.3916320800781 1.730769991874695
405.4830322265625 1.73199999332428
410.5744018554688 1.779279947280884
415.6658020019531 1.888599991798401
420.7571716308594 2.088299989700317
425.8485717773438 2.428839921951294
426.9823913574219 2.531860113143921
430.93994140625 3.000439882278442
436.0313415527344 3.956409931182861
441.1227111816406 5.487249851226807
446.214111328125 7.459710121154785
451.3054809570312 8.519339561462402
456.3968811035156 7.35138988494873
461.4882507324219 5.310579776763916
466.5796203613281 3.722170114517212
471.6710205078125 2.703140020370483
476.7623901367188 2.061199903488159
481.8537902832031 1.643540024757385
486.9451599121094 1.359840035438538
492.0365600585938 1.158949971199036
497.1279296875 1.011350035667419
502.2193298339844 0.8993819952011108
507.3106994628906 0.8121100068092346
512.402099609375 0.7424920201301575
517.4934692382812 0.685854971408844
522.5848388671875 0.6390010118484497
527.67626953125 0.5996829867362976
532.7676391601562 0.566286027431488
537.8590087890625 0.5376240015029907
542.9503784179688 0.512811005115509
548.041748046875 0.4911690056324005
553.1331787109375 0.4721769988536835
558.2245483398438 0.4554240107536316
563.31591796875 0.4405849874019623
568.4072875976562 0.4273990094661713
573.4987182617188 0.4156540036201477
578.590087890625 0.4051760137081146
583.6814575195312 0.3958219885826111
588.7728271484375 0.3874729871749878
593.8642578125 0.3800280094146729
598.9556274414062 0.3734050095081329
604.0469970703125 0.3675310015678406
609.1383666992188 0.3623479902744293
614.229736328125 0.3578020036220551
619.3211669921875 0.3538520038127899
624.4125366210938 0.3504599928855896
629.50390625 0.3475950062274933
634.5952758789062 0.3452289998531342
639.6867065429688 0.3433409929275513
644.778076171875 0.3419130146503448
649.8694458007812 0.3409290015697479
654.9608154296875 0.3403779864311218
660.05224609375 0.3402509987354279
665.1436157226562 0.3405410051345825
670.2349853515625 0.3412440121173859
675.3263549804688 0.3423599898815155
680.417724609375 0.3438900113105774
685.5091552734375 0.3458380103111267
690.6005249023438 0.3482089936733246
695.69189453125 0.3510130047798157
700.7832641601562 0.3542610108852386
705.8746948242188 0.3579669892787933
710.966064453125 0.3621479868888855
716.0574340820312 0.3668250143527985
721.1488037109375 0.3720220029354095
726.240234375 0.3777669966220856
731.3316040039062 0.3840929865837097
736.4229736328125 0.3910369873046875
741.5143432617188 0.3986420035362244
746.6057739257812 0.4069600105285645
751.6971435546875 0.4160470068454742
756.7885131835938 0.4259710013866425
761.8798828125 0.4368090033531189
766.9712524414062 0.4486530125141144
772.0626831054688 0.4616090059280396
777.154052734375 0.4758029878139496
782.2454223632812 0.4913839995861053
787.3367919921875 0.5085319876670837
792.42822265625 0.5274670124053955
797.5195922851562 0.5484579801559448
802.6109619140625 0.5718470215797424
807.7023315429688 0.5980719923973083
812.7937622070312 0.627718985080719
817.8851318359375 0.6615970134735107
821.9700927734375 0.6926090121269226
822.9765014648438 0.7008749842643738
828.06787109375 0.7473289966583252
833.1592407226562 0.8037149906158447
838.2506713867188 0.8739309906959534
843.342041015625 0.9604169726371765
848.4334106445312 1.052800059318542
853.5247802734375 1.128219962120056
858.6162109375 1.196959972381592
863.7075805664062 1.288679957389832
868.7989501953125 1.41686999797821
873.8903198242188 1.589450001716614
878.9817504882812 1.819270014762878
884.0731201171875 2.128760099411011
889.1644897460938 2.555819988250732
894.255859375 3.165090084075928
895.4576416015625 3.346309900283813
899.3472290039062 4.069409847259521
904.4386596679688 5.46819019317627
909.530029296875 7.695710182189941
914.6213989257812 11.1471004486084
919.7127685546875 15.43410015106201
924.80419921875 17.52729988098145
929.8955688476562 14.96000003814697
934.9869384765625 10.83129978179932
940.0783081054688 7.735720157623291
945.1697387695312 5.826000213623047
950.2611083984375 4.697760105133057
955.3524780273438 4.044079780578613
960.44384765625 3.688129901885986
965.5352783203125 3.534140110015869
970.6266479492188 3.532599925994873
975.718017578125 3.661849975585938
980.8093872070312 3.91936993598938
985.9007568359375 4.319099903106689
990.9921875 4.893089771270752
996.0835571289062 5.697740077972412
1001.174926757812 6.826940059661865
1006.266296386719 8.436949729919434
1011.357727050781 10.79370021820068
1011.382446289062 10.80770015716553
1016.449096679688 14.36229991912842
1021.540466308594 19.96590042114258
1026.6318359375 28.98480033874512
1031.723266601562 43.04690170288086
1036.814575195312 60.51850128173828
1041.906005859375 68.84059906005859
1046.997436523438 57.88349914550781
1052.088745117188 40.49530029296875
1057.18017578125 27.34729957580566
1062.271484375 19.04210090637207
1067.362915039062 13.89830017089844
1072.454345703125 10.63850021362305
1076.977661132812 8.715100288391113
1077.545654296875 8.520649909973145
1082.637084960938 7.137330055236816
1087.728515625 6.275139808654785
1092.81982421875 5.841639995574951
1097.911254882812 5.81063985824585
1103.002563476562 6.063169956207275
1108.093994140625 6.070650100708008
1113.185424804688 5.398059844970703
1118.276733398438 4.528110027313232
1123.3681640625 3.876060009002686
1128.45947265625 3.460230112075806
1133.550903320312 3.208849906921387
1138.642333984375 3.067790031433105
1143.733642578125 3.005830049514771
1148.825073242188 3.006449937820435
1153.91650390625 3.062020063400269
1159.0078125 3.170799970626831
1164.099243164062 3.335730075836182
1169.190551757812 3.56427001953125
1174.281982421875 3.869339942932129
1179.373413085938 4.271269798278809
1184.464721679688 4.801650047302246
1189.55615234375 5.510250091552734
1190.032348632812 5.588190078735352
1194.6474609375 6.47776985168457
1199.738891601562 7.838840007781982
1204.830322265625 9.818519592285156
1209.921630859375 12.75139999389648
1215.013061523438 16.85050010681152
1220.1044921875 21.1609992980957
1225.19580078125 23.56599998474121
1226.396240234375 23.88400077819824
1230.287231445312 25.14920043945312
1235.378540039062 29.14459991455078
1240.469970703125 37.73109817504883
1245.561401367188 53.13240051269531
1250.652709960938 76.96700286865234
1255.744140625 101.7529983520508
1260.83544921875 103.8089981079102
1265.926879882812 80.10939788818359
1271.018310546875 54.51789855957031
1276.109619140625 36.87699890136719
1281.201049804688 25.86100006103516
1286.29248046875 18.93370056152344
1291.3837890625 14.42339992523193
1292.974853515625 13.34490013122559
1296.475219726562 11.37320041656494
1301.566528320312 9.240830421447754
1306.657958984375 7.711709976196289
1311.749389648438 6.599259853363037
1316.840698242188 5.788990020751953
1321.93212890625 5.191699981689453
1327.023559570312 4.698800086975098
1332.114868164062 4.246270179748535
1337.206298828125 3.869199991226196
1342.297607421875 3.588040113449097
1347.389038085938 3.392379999160767
1352.48046875 3.270270109176636
1357.57177734375 3.216530084609985
1362.663208007812 3.233589887619019
1367.754516601562 3.332819938659668
1369.89013671875 3.40408992767334
1372.845947265625 3.538330078125
1377.937377929688 3.895309925079346
1383.028686523438 4.485630035400391
1388.1201171875 5.449240207672119
1393.211547851562 6.966869831085205
1398.302856445312 8.960049629211426
1403.394287109375 10.27919960021973
1408.485595703125 9.674429893493652
1413.577026367188 8.318019866943359
1418.66845703125 7.523320198059082
1419.779174804688 7.456389904022217
1423.759765625 7.520470142364502
1425.66552734375 7.716430187225342
1428.851196289062 8.292289733886719
1433.942504882812 9.965889930725098
1437.287841796875 11.72220039367676
1439.033935546875 12.90620040893555
1444.125366210938 17.63660049438477
1449.216674804688 23.91200065612793
1454.30810546875 28.59799957275391
1459.399536132812 29.0674991607666
1464.490844726562 28.79509925842285
1465.846435546875 28.96910095214844
1469.582275390625 29.47540092468262
1474.673583984375 28.04459953308105
1479.765014648438 25.0265998840332
1484.8564453125 24.31270027160645
1489.94775390625 27.58650016784668
1495.039184570312 34.10060119628906
1500.130493164062 38.10110092163086
1505.221923828125 33.02130126953125
1510.313354492188 23.75729942321777
1515.404663085938 16.36650085449219
1520.49609375 11.57190036773682
1525.587524414062 8.533430099487305
1530.678833007812 6.549230098724365
1535.770263671875 5.199160099029541
1540.861572265625 4.243480205535889
1545.953002929688 3.543020009994507
1551.04443359375 3.014060020446777
1556.1357421875 2.604340076446533
1561.227172851562 2.280030012130737
1566.318481445312 2.018500089645386
1571.409912109375 1.804190039634705
1576.501342773438 1.626090049743652
1581.592651367188 1.476269960403442
1586.68408203125 1.348870038986206
1591.775512695312 1.239480018615723
1596.866821289062 1.144749999046326
1601.958251953125 1.062080025672913
1607.049560546875 0.9894409775733948
1612.140991210938 0.9252060055732727
1617.232421875 0.8680790066719055
1622.32373046875 0.8170080184936523
1627.415161132812 0.7711309790611267
1632.506469726562 0.7297400236129761
1637.597900390625 0.6922429800033569
1642.689331054688 0.6581479907035828
1647.780639648438 0.627036988735199
1652.8720703125 0.5985590219497681
1657.963500976562 0.5724120140075684
1663.054809570312 0.548337996006012
1668.146240234375 0.5261160135269165
1673.237548828125 0.5055519938468933
1678.328979492188 0.4864799976348877
1683.42041015625 0.4687530100345612
1688.51171875 0.4522440135478973
1693.603149414062 0.4368390142917633
1698.694458007812 0.4224399924278259
1703.785888671875 0.4089570045471191
1708.877319335938 0.3963139951229095
1713.968627929688 0.3844389915466309
1719.06005859375 0.3732709884643555
1724.151489257812 0.3627539873123169
1729.242797851562 0.3528369963169098
1734.334228515625 0.3434750139713287
1739.425537109375 0.3346259891986847
1744.516967773438 0.3262549936771393
1749.6083984375 0.318327009677887
1754.69970703125 0.3108119964599609
1759.791137695312 0.3036819994449615
1764.882446289062 0.2969120144844055
1769.973876953125 0.290477991104126
1775.065307617188 0.2843590080738068
1780.156616210938 0.278535008430481
1785.248046875 0.2729899883270264
1790.339477539062 0.2677049934864044
1795.430786132812 0.2626670002937317
1800.522216796875 0.2578609883785248
1805.613525390625 0.2532730102539062
1810.704956054688 0.2488929927349091
1815.79638671875 0.2447080016136169
1820.8876953125 0.2407100051641464
1825.979125976562 0.2368869930505753
1831.070556640625 0.2332309931516647
1836.161865234375 0.2297340035438538
1841.253295898438 0.22638900578022
1846.344604492188 0.2231869995594025
1851.43603515625 0.2201219946146011
1856.527465820312 0.2171889990568161
1861.618774414062 0.2143799960613251
1866.710205078125 0.2116910070180893
1871.801513671875 0.2091159969568253
1876.892944335938 0.2066510021686554
1881.984375 0.2042910009622574
1887.07568359375 0.2020319998264313
1892.167114257812 0.1998700052499771
1897.258544921875 0.1977999955415726
1902.349853515625 0.1958200037479401
1907.441284179688 0.1939270049333572
1912.532592773438 0.1921160072088242
1917.6240234375 0.1903859972953796
1922.715454101562 0.1887329965829849
1927.806762695312 0.1871549934148788
1932.898193359375 0.1856489926576614
1937.989501953125 0.1842139959335327
1943.080932617188 0.1828459948301315
1948.17236328125 0.1815440058708191
1953.263671875 0.180306002497673
1958.355102539062 0.1791290044784546
1963.446533203125 0.1780139952898026
1968.537841796875 0.1769559979438782
1973.629272460938 0.1759559959173203
1978.720581054688 0.17501200735569
1983.81201171875 0.1741220057010651
1988.903442382812 0.1732849925756454
1993.994750976562 0.1724999994039536
1999.086181640625 0.171765998005867
2004.177490234375 0.171081006526947
2009.268920898438 0.1704449951648712
2014.3603515625 0.169856995344162
2019.45166015625 0.1693149954080582
2024.543090820312 0.1688199937343597
2029.634521484375 0.1683699935674667
2034.725830078125 0.1679649949073792
2039.817260742188 0.167603999376297
2044.908569335938 0.1672859936952591
2050.0 0.1670099943876266
2055.09130859375 0.1667779982089996
2060.182861328125 0.1665859967470169
2065.274169921875 0.1664370000362396
2070.365478515625 0.1663279980421066
2075.45703125 0.1662600040435791
2080.54833984375 0.1662320047616959
2085.6396484375 0.1662449985742569
2090.73095703125 0.1662970036268234
2095.822509765625 0.1663900017738342
2100.913818359375 0.1665209978818893
2106.005126953125 0.1666920036077499
2111.0966796875 0.1669030040502548
2116.18798828125 0.167153000831604
2121.279296875 0.1674419939517975
2126.370849609375 0.1677709966897964
2131.462158203125 0.1681389957666397
2136.553466796875 0.1685460060834885
2141.64501953125 0.1689929962158203
2146.736328125 0.1694799959659576
2151.82763671875 0.1700070053339005
2156.9189453125 0.1705739945173264
2162.010498046875 0.1711820065975189
2167.101806640625 0.1718309968709946
2172.193115234375 0.1725209951400757
2177.28466796875 0.1732520014047623
2182.3759765625 0.1740249991416931
2187.46728515625 0.1748410016298294
2192.558837890625 0.17569899559021
2197.650146484375 0.1766009926795959
2202.741455078125 0.1775469928979874
2207.8330078125 0.1785379946231842
2212.92431640625 0.1795739978551865
2218.015625 0.1806550025939941
2223.10693359375 0.1817840039730072
2228.198486328125 0.1829590052366257
2233.289794921875 0.1841830015182495
2238.381103515625 0.1854559928178787
2243.47265625 0.1867790073156357
2248.56396484375 0.1881529986858368
2253.6552734375 0.1895789951086044
2258.746826171875 0.1910579949617386
2263.838134765625 0.1925909966230392
2268.929443359375 0.1941789984703064
2274.02099609375 0.19582399725914
2279.1123046875 0.1975270062685013
2284.20361328125 0.1992889940738678
2289.294921875 0.2011110037565231
2294.386474609375 0.2029960006475449
2299.477783203125 0.2049439996480942
2304.569091796875 0.206957995891571
2309.66064453125 0.2090380042791367
2314.751953125 0.2111880034208298
2319.84326171875 0.2134079933166504
2324.934814453125 0.2157009989023209
2330.026123046875 0.21806800365448
2335.117431640625 0.2205120027065277
2340.208984375 0.2230360060930252
2345.30029296875 0.2256409972906113
2350.3916015625 0.2283300012350082
2355.48291015625 0.2311049997806549
2360.574462890625 0.2339700013399124
2365.665771484375 0.2369270026683807
2370.757080078125 0.2399789988994598
2375.8486328125 0.2431299984455109
2380.93994140625 0.2463819980621338
2386.03125 0.2497400045394897
2391.122802734375 0.2532060146331787
2396.214111328125 0.2567839920520782
2401.305419921875 0.2604790031909943
2406.39697265625 0.2642950117588043
2411.48828125 0.2682360112667084
2416.57958984375 0.2723059952259064
2421.6708984375 0.276511013507843
2426.762451171875 0.2808560132980347
2431.853759765625 0.2853460013866425
2436.945068359375 0.2899869978427887
2442.03662109375 0.2947849929332733
2447.1279296875 0.2997460067272186
2452.21923828125 0.3048759996891022
2457.310791015625 0.3101840019226074
2462.402099609375 0.3156749904155731
2467.493408203125 0.3213590085506439
2472.5849609375 0.3272430002689362
2477.67626953125 0.3333359956741333
2482.767578125 0.3396469950675964
2487.85888671875 0.3461860120296478
2492.950439453125 0.3529640138149261
2498.041748046875 0.3599910140037537
2503.133056640625 0.3672789931297302
2508.224609375 0.3748399913311005
2513.31591796875 0.3826879858970642
2518.4072265625 0.3908370137214661
2523.498779296875 0.3993000090122223
2528.590087890625 0.4080950021743774
2533.681396484375 0.4172379970550537
2538.77294921875 0.4267460107803345
2543.8642578125 0.4366399943828583
2548.95556640625 0.4469389915466309
2554.047119140625 0.4576649963855743
2559.138427734375 0.4688419997692108
2564.229736328125 0.4804950058460236
2569.321044921875 0.4926500022411346
2574.41259765625 0.5053369998931885
2579.50390625 0.5185859799385071
2584.59521484375 0.5324299931526184
2589.686767578125 0.5469070076942444
2594.778076171875 0.5620530247688293
2599.869384765625 0.5779110193252563
2604.9609375 0.594527006149292
2610.05224609375 0.6119480133056641
2615.1435546875 0.6302279829978943
2620.235107421875 0.6494230031967163
2625.326416015625 0.6695970296859741
2630.417724609375 0.6908169984817505
2635.509033203125 0.7131569981575012
2640.6005859375 0.7366970181465149
2645.69189453125 0.7615259885787964
2650.783203125 0.7877410054206848
2655.874755859375 0.8154469728469849
2660.966064453125 0.844760000705719
2666.057373046875 0.8758100271224976
2671.14892578125 0.9087370038032532
2676.240234375 0.9436990022659302
2681.33154296875 0.9808679819107056
2686.423095703125 1.020439982414246
2691.514404296875 1.0626300573349
2696.605712890625 1.107669949531555
2701.697021484375 1.155840039253235
2706.78857421875 1.207430005073547
2711.8798828125 1.262799978256226
2716.97119140625 1.322309970855713
2722.062744140625 1.386409997940063
2727.154052734375 1.455590009689331
2732.245361328125 1.53042995929718
2737.3369140625 1.611559987068176
2742.42822265625 1.699730038642883
2747.51953125 1.795819997787476
2752.611083984375 1.90081000328064
2757.702392578125 2.015889883041382
2762.793701171875 2.142430067062378
2767.885009765625 2.282059907913208
2772.9765625 2.436700105667114
2778.06787109375 2.608669996261597
2783.1591796875 2.800750017166138
2788.250732421875 3.016319990158081
2793.342041015625 3.259530067443848
2798.433349609375 3.53548002243042
2803.52490234375 3.850579977035522
2808.6162109375 4.212900161743164
2813.70751953125 4.632750034332275
2818.799072265625 5.123499870300293
2823.890380859375 5.702710151672363
2828.981689453125 6.393879890441895
2834.072998046875 7.228970050811768
2839.16455078125 8.252400398254395
2844.255859375 9.527339935302734
2849.34716796875 11.14599990844727
2851.7138671875 12.0516996383667
2854.438720703125 13.24680042266846
2859.530029296875 16.04470062255859
2864.621337890625 19.88540077209473
2869.712890625 25.34630012512207
2874.80419921875 33.42559814453125
2879.8955078125 45.88190078735352
2884.987060546875 65.68329620361328
2890.078369140625 96.52570343017578
2895.169677734375 135.9700012207031
2896.973388671875 147.9420013427734
2900.260986328125 158.2409973144531
2905.3525390625 138.0599975585938
2910.44384765625 101.3539962768555
2915.53515625 73.83679962158203
2917.52587890625 66.4613037109375
2920.626708984375 58.13209915161133
2925.718017578125 51.08219909667969
2930.809326171875 50.61550140380859
2935.90087890625 56.2244987487793
2940.9921875 67.57959747314453
2946.08349609375 81.80339813232422
2951.175048828125 97.90910339355469
2956.266357421875 124.2419967651367
2961.357666015625 162.7169952392578
2966.448974609375 185.5269927978516
2971.54052734375 160.5579986572266
2976.6318359375 114.5130004882812
2981.72314453125 78.09169769287109
2986.814697265625 54.71260070800781
2991.906005859375 40.09930038452148
2996.997314453125 30.73299980163574
3002.0888671875 24.5226001739502
3007.18017578125 20.28619956970215
3012.271484375 17.34819984436035
3017.363037109375 15.31540012359619
3022.454345703125 13.95890045166016
3027.545654296875 13.15310001373291
3029.081298828125 13.00879955291748
3031.398193359375 12.87600040435791
3032.636962890625 12.84739971160889
3037.728515625 13.05780029296875
3042.81982421875 13.87650012969971
3047.9111328125 15.50529956817627
3053.002685546875 18.32740020751953
3058.093994140625 23.0452995300293
3063.185302734375 30.89959907531738
3068.27685546875 43.73590087890625
3073.3681640625 62.26350021362305
3078.45947265625 78.74019622802734
3083.551025390625 76.47280120849609
3088.642333984375 57.9370002746582
3093.733642578125 39.74250030517578
3098.824951171875 27.40859985351562
3103.91650390625 19.67110061645508
3109.0078125 14.74530029296875
3114.09912109375 11.48530006408691
3119.190673828125 9.236189842224121
3124.281982421875 7.624380111694336
3129.373291015625 6.430260181427002
3134.46484375 5.519909858703613
3139.55615234375 4.808640003204346
3144.6474609375 4.241040229797363
3149.739013671875 3.77974009513855
3154.830322265625 3.398829936981201
3159.921630859375 3.079910039901733
3165.012939453125 2.809619903564453
3170.1044921875 2.578069925308228
3175.19580078125 2.377810001373291
3180.287109375 2.203130006790161
3185.378662109375 2.049609899520874
3190.469970703125 1.91375994682312
3195.561279296875 1.792799949645996
3200.65283203125 1.684509992599487
3205.744140625 1.58705997467041
3210.83544921875 1.498970031738281
3215.927001953125 1.419010043144226
3221.018310546875 1.346140027046204
3226.109619140625 1.279510021209717
3231.200927734375 1.218379974365234
3236.29248046875 1.16211998462677
3241.3837890625 1.110219955444336
3246.47509765625 1.062199950218201
3251.566650390625 1.017680048942566
3256.657958984375 0.9763010144233704
3261.749267578125 0.9377719759941101
3266.8408203125 0.901826024055481
3271.93212890625 0.8682309985160828
3277.0234375 0.8367810249328613
3282.114990234375 0.8072940111160278
3287.206298828125 0.7796099781990051
3292.297607421875 0.7535830140113831
3297.388916015625 0.7290830016136169
3302.48046875 0.7059959769248962
3307.57177734375 0.6842169761657715
3312.6630859375 0.6636530160903931
3317.754638671875 0.6442170143127441
3322.845947265625 0.6258339881896973
3327.937255859375 0.6084340214729309
3333.02880859375 0.5919539928436279
3338.1201171875 0.5763360261917114
3343.21142578125 0.5615280270576477
3348.302978515625 0.5474820137023926
3353.394287109375 0.534155011177063
3358.485595703125 0.5215060114860535
3363.576904296875 0.5095000267028809
3368.66845703125 0.4981040060520172
3373.759765625 0.4872870147228241
3378.85107421875 0.4770210087299347
3383.942626953125 0.4672810137271881
3389.033935546875 0.4580439925193787
3394.125244140625 0.4492889940738678
3399.216796875 0.440997987985611
3404.30810546875 0.4331530034542084
3409.3994140625 0.4257389903068542
3414.490966796875 0.4187420010566711
3419.582275390625 0.4121490120887756
3424.673583984375 0.4059509932994843
3429.764892578125 0.4001390039920807
3434.8564453125 0.3947030007839203
3439.94775390625 0.3896380066871643
3445.0390625 0.3849399983882904
3450.130615234375 0.3806029856204987
3455.221923828125 0.3766280114650726
3460.313232421875 0.3730120062828064
3465.40478515625 0.3697560131549835
3470.49609375 0.3668630123138428
3475.58740234375 0.3643380105495453
3480.678955078125 0.362185001373291
3485.770263671875 0.3604120016098022
3490.861572265625 0.35903000831604
3495.952880859375 0.3580490052700043
3501.04443359375 0.3574840128421783
3506.1357421875 0.3573519885540009
3511.22705078125 0.3576720058917999
3516.318603515625 0.3584670126438141
3521.409912109375 0.3597640097141266
3526.501220703125 0.3615930080413818
3531.5927734375 0.3639900088310242
3536.68408203125 0.3669939935207367
3541.775390625 0.3706530034542084
3546.866943359375 0.3750190138816833
3551.958251953125 0.380154013633728
3557.049560546875 0.3861289918422699
3562.14111328125 0.3930250108242035
3567.232421875 0.4009369909763336
3572.32373046875 0.4099729955196381
3577.4150390625 0.4202609956264496
3582.506591796875 0.4319489896297455
3587.597900390625 0.4452109932899475
3592.689208984375 0.4602499902248383
3597.78076171875 0.477308988571167
3602.8720703125 0.4966740012168884
3607.96337890625 0.5186880230903625
3613.054931640625 0.5437620282173157
3618.146240234375 0.5723959803581238
3623.237548828125 0.6051949858665466
3628.3291015625 0.6429049968719482
3633.42041015625 0.6864489912986755
3638.51171875 0.7369779944419861
3643.60302734375 0.7959470152854919
3648.694580078125 0.865211009979248
3653.785888671875 0.9471660256385803
3658.877197265625 1.044950008392334
3663.96875 1.162709951400757
3669.06005859375 1.30606997013092
3674.1513671875 1.482720017433167
3679.242919921875 1.703480005264282
3683.58935546875 1.93832004070282
3684.334228515625 1.983819961547852
3689.425537109375 2.346489906311035
3694.51708984375 2.825900077819824
3699.6083984375 3.475759983062744
3704.69970703125 4.382900238037109
3709.791015625 5.692880153656006
3714.882568359375 7.65831995010376
3719.973876953125 10.72550010681152
3725.065185546875 15.65100002288818
3730.15673828125 23.39049911499023
3735.248046875 33.38420104980469
3740.33935546875 39.08670043945312
3745.430908203125 33.70190048217773
3750.522216796875 23.69949913024902
3755.613525390625 15.85229969024658
3760.705078125 10.84379959106445
3765.79638671875 7.725180149078369
3770.8876953125 5.72815990447998
3775.97900390625 4.397850036621094
3781.070556640625 3.476809978485107
3786.161865234375 2.816780090332031
3791.253173828125 2.329479932785034
3796.3447265625 1.960340023040771
3801.43603515625 1.674450039863586
3806.52734375 1.448760032653809
3811.618896484375 1.267570018768311
3816.710205078125 1.119969964027405
3821.801513671875 0.9981560111045837
3826.89306640625 0.896461009979248
3831.984375 0.8106819987297058
3837.07568359375 0.7376530170440674
3842.1669921875 0.6749569773674011
3847.258544921875 0.6207180023193359
3852.349853515625 0.5734710097312927
3857.441162109375 0.5320500135421753
3862.53271484375 0.495523989200592
3867.6240234375 0.463140994310379
3872.71533203125 0.4342870116233826
3877.806884765625 0.4084579944610596
3882.898193359375 0.3852370083332062
3887.989501953125 0.3642759919166565
3893.0810546875 0.3452839851379395
3898.17236328125 0.328014999628067
3903.263671875 0.3122600018978119
3908.35498046875 0.2978430092334747
3913.446533203125 0.2846100032329559
3918.537841796875 0.2724309861660004
3923.629150390625 0.2611919939517975
3928.720703125 0.250793993473053
3933.81201171875 0.2411520034074783
3938.9033203125 0.2321919947862625
3943.994873046875 0.2238460034132004
3949.086181640625 0.2160570025444031
3954.177490234375 0.2087740004062653
3959.26904296875 0.2019509971141815
3964.3603515625 0.1955479979515076
3969.45166015625 0.1895280033349991
3974.54296875 0.1838610023260117
3979.634521484375 0.1785169988870621
3984.725830078125 0.1734690070152283
3989.817138671875 0.1686960011720657
